start=1272.470000
volume=130.000000
fullscreen=yes
