start=9.342667
pause=yes
volume=130.000000
