start=1175.590000
volume=130.000000
