start=1304.970000
pause=yes
volume=120.000000
ontop=no
aid=2
sid=2
