start=1155.278000
volume=130.000000
fullscreen=yes
