start=175.120000
volume=96.000000
