start=8.958000
pause=yes
volume=130.000000
ontop=no
brightness=-1
aid=1
