start=1170.660000
volume=130.000000
fullscreen=yes
