start=648.731417
volume=130.000000
