start=0.000000
volume=120.000000
