start=58.829000
volume=96.000000
