start=190.982000
pause=yes
volume=120.000000
ontop=no
sid=2
