start=544.016667
volume=101.000000
fullscreen=yes
