start=1138.928000
volume=130.000000
fullscreen=yes
