start=0.000000
volume=96.000000
