start=58.777856
volume=96.000000
