start=1887.552333
volume=130.000000
fullscreen=yes
