start=57.849000
volume=120.000000
fullscreen=yes
sid=1
