start=783.949833
volume=130.000000
