start=15.582233
pause=yes
volume=130.000000
ontop=no
aid=1
