start=176.092583
volume=105.000000
fullscreen=yes
sid=1
