start=413.293000
volume=130.000000
